lastAccountName: KAROL
timestamps:
  login: 1571834044583
  logout: 1571771317784
  lastteleport: 1571834087360
ipAddress: 85.221.132.116
lastlocation:
  world: world
  x: -544.217532893751
  y: 67.0
  z: -259.66155607453885
  yaw: -324.1142
  pitch: 27.750015
geolocation: Poland
logoutlocation:
  world: world
  x: -557.4505345362417
  y: 67.5
  z: -238.2285267697424
  yaw: -77.36392
  pitch: 35.2499
