lastAccountName: KAROL
timestamps:
  login: 1571841492645
  logout: 1571841543410
  lastteleport: 1571836967525
ipAddress: 85.221.132.116
lastlocation:
  world: world
  x: -555.8705453896362
  y: 66.0
  z: -240.83118659748203
  yaw: -223.33087
  pitch: 16.753044
geolocation: Poland
logoutlocation:
  world: world
  x: -524.5092304656686
  y: 72.0625
  z: -275.9521710163935
  yaw: 356.15442
  pitch: 12.749964
