lastAccountName: KAROL
timestamps:
  login: 1572020131663
  logout: 1572020159440
  lastteleport: 1572020148197
ipAddress: 85.221.132.116
lastlocation:
  world: world
  x: -581.0807777054275
  y: 64.0
  z: -74.69201284589573
  yaw: 284.4253
  pitch: 4.949956
geolocation: Poland
logoutlocation:
  world: world
  x: -572.4283842422444
  y: 69.0
  z: -352.49813998613064
  yaw: 47.767536
  pitch: 26.250017
homes:
  home:
    world: world
    x: -574.1611666035799
    y: 69.0
    z: -352.6412907949216
    yaw: -39.98242
    pitch: 22.199986
