lastAccountName: KAROL
timestamps:
  login: 1571834044583
  logout: 1571771317784
  lastteleport: 1571836967525
ipAddress: 85.221.132.116
lastlocation:
  world: world
  x: -555.8705453896362
  y: 66.0
  z: -240.83118659748203
  yaw: -223.33087
  pitch: 16.753044
geolocation: Poland
logoutlocation:
  world: world
  x: -557.4505345362417
  y: 67.5
  z: -238.2285267697424
  yaw: -77.36392
  pitch: 35.2499
