lastAccountName: KAROL
timestamps:
  login: 1571771653437
  logout: 1571771317784
ipAddress: 85.221.132.116
lastlocation:
  world: world
  x: -547.5
  y: 64.0
  z: -239.5
  yaw: 2.6869924
  pitch: 0.0
geolocation: Poland
logoutlocation:
  world: world
  x: -557.4505345362417
  y: 67.5
  z: -238.2285267697424
  yaw: -77.36392
  pitch: 35.2499
