geolocation: Sweden
lastAccountName: TF2
timestamps:
  login: 1572208725281
  logout: 1572208755710
ipAddress: 185.65.135.169
lastlocation:
  world: world
  x: -453.5
  y: 70.0
  z: -258.5
  yaw: 0.15556489
  pitch: 0.0
logoutlocation:
  world: world
  x: -460.41511527329635
  y: 71.0
  z: -272.73403304050044
  yaw: 91.72269
  pitch: -5.9744635
