lastAccountName: pipikej
timestamps:
  login: 1571575940885
  logout: 1571575956379
ipAddress: 127.0.0.1
logoutlocation:
  world: world
  x: -541.1768320396978
  y: 67.0
  z: -269.2114997600599
  yaw: -4.04675
  pitch: 14.290227
