lastAccountName: pipikej
timestamps:
  login: 1571831748014
  logout: 1571831789887
ipAddress: 127.0.0.1
logoutlocation:
  world: world
  x: -518.759032532353
  y: 73.0
  z: -268.17433697067463
  yaw: -222.14795
  pitch: 7.474368
lastlocation:
  world: world
  x: -217.5
  y: 86.0
  z: 175.5
  yaw: 0.13735975
  pitch: 0.0
