lastAccountName: pipikej
timestamps:
  login: 1571776229941
  logout: 1571776276366
ipAddress: 85.221.132.116
logoutlocation:
  world: world
  x: -524.4990204502471
  y: 72.0625
  z: -276.73205291958686
  yaw: -340.79626
  pitch: 14.693573
