lastAccountName: pipikej
timestamps:
  login: 1571831375778
  logout: 1571831380667
ipAddress: 85.221.132.116
logoutlocation:
  world: world
  x: -537.7165875966114
  y: 80.5
  z: -274.4719737074028
  yaw: -18.957733
  pitch: 20.999413
lastlocation:
  world: world
  x: -217.5
  y: 86.0
  z: 175.5
  yaw: 0.13735975
  pitch: 0.0
