lastAccountName: pipikej
timestamps:
  login: 1571742733466
  logout: 1571743368817
ipAddress: 127.0.0.1
logoutlocation:
  world: world
  x: -542.1704925472602
  y: 67.0
  z: -260.8038391215792
  yaw: -157.1623
  pitch: 10.437429
