lastAccountName: pipikej
timestamps:
  login: 1572789324600
  logout: 1572789608147
  lastteleport: 1572285248045
ipAddress: 85.221.132.116
logoutlocation:
  world: world
  x: -537.4854869064575
  y: 61.0
  z: -265.21681022323605
  yaw: 234.33678
  pitch: 27.688282
lastlocation:
  world: world
  x: -497.6852439544831
  y: 71.0
  z: -258.4239830331429
  yaw: 114.294235
  pitch: 14.616769
afk: false
money: '10000'
homes:
  home:
    world: world
    x: -534.6108827447385
    y: 61.0
    z: -270.03708376997673
    yaw: 342.91296
    pitch: 23.052113
