lastAccountName: pipikej
timestamps:
  login: 1571836465022
  logout: 1571835927847
  lastteleport: 1571834485931
ipAddress: 85.221.132.116
logoutlocation:
  world: world
  x: -558.0853772297187
  y: 67.0
  z: -231.92492554618372
  yaw: -177.44438
  pitch: 20.545244
lastlocation:
  world: world
  x: -556.7236725097657
  y: 67.0
  z: -234.1677172042323
  yaw: -100.69281
  pitch: 63.47949
afk: true
