lastAccountName: pipikej
timestamps:
  login: 1571774995086
  logout: 1571775200004
ipAddress: 85.221.132.116
logoutlocation:
  world: world
  x: -540.164628019971
  y: 71.01947232819816
  z: -260.4771372947438
  yaw: -180.718
  pitch: 38.85827
