lastAccountName: pipikej
timestamps:
  login: 1571855823000
  logout: 1571864870462
  lastteleport: 1571834485931
ipAddress: 85.221.132.116
logoutlocation:
  world: world
  x: -524.6625028348917
  y: 67.0
  z: -276.83211661304887
  yaw: 10.908813
  pitch: 7.929351
lastlocation:
  world: world
  x: -556.7236725097657
  y: 67.0
  z: -234.1677172042323
  yaw: -100.69281
  pitch: 63.47949
afk: false
money: '10000'
