lastAccountName: pipikej
timestamps:
  login: 1571832288066
  logout: 1571831904587
  lastteleport: 1571834485931
ipAddress: 85.221.132.116
logoutlocation:
  world: world
  x: -537.7165875966114
  y: 80.5
  z: -274.4719737074028
  yaw: -18.57778
  pitch: 20.847431
lastlocation:
  world: world
  x: -556.7236725097657
  y: 67.0
  z: -234.1677172042323
  yaw: -100.69281
  pitch: 63.47949
afk: false
