lastAccountName: lolo
timestamps:
  login: 1571591480141
  logout: 1571591683350
ipAddress: 85.221.132.116
lastlocation:
  world: world
  x: -229.5
  y: 79.0
  z: 168.5
  yaw: 0.6022699
  pitch: 0.0
geolocation: Poland
logoutlocation:
  world: world
  x: -515.6833540762293
  y: 72.5
  z: -252.62032071333226
  yaw: 81.27585
  pitch: 16.03366
