geolocation: Poland
lastAccountName: domo
timestamps:
  login: 1571774928998
  logout: 1571774962758
ipAddress: 83.11.101.38
logoutlocation:
  world: world
  x: -515.8044514068927
  y: 73.0
  z: -281.6688550477847
  yaw: -311.82208
  pitch: 13.577975
