geolocation: Poland
lastAccountName: domo
timestamps:
  login: 1571842238800
  logout: 1571860005257
  lastteleport: 1571847633111
ipAddress: 83.11.101.38
logoutlocation:
  world: world
  x: -538.0838713727726
  y: 46.0
  z: -248.14463353550053
  yaw: -22.320719
  pitch: 5.0391493
lastlocation:
  world: world
  x: -652.3595562113597
  y: 28.0
  z: -279.2506351915547
  yaw: -34.96781
  pitch: -1.9434291
