geolocation: Poland
lastAccountName: domo
timestamps:
  login: 1573068174751
  logout: 1573069519633
  lastteleport: 1573067040968
ipAddress: 83.11.102.145
logoutlocation:
  world: world
  x: -478.8197977367917
  y: 182.04920598300092
  z: -353.0134133367983
  yaw: -33.22845
  pitch: 4.8576317
lastlocation:
  world: world
  x: -513.5057484518663
  y: 37.5
  z: -231.71646985764914
  yaw: -194.38971
  pitch: -8.159652
