geolocation: Poland
lastAccountName: Worrdq
timestamps:
  login: 1571778978300
  logout: 1571779000804
ipAddress: 91.230.117.167
logoutlocation:
  world: world
  x: -517.6904923859761
  y: 60.0
  z: -259.76861221489764
  yaw: 183.61945
  pitch: 18.039818
