geolocation: Poland
lastAccountName: Worrdq
timestamps:
  login: 1571774282110
  logout: 1571774437449
ipAddress: 91.230.117.167
logoutlocation:
  world: world
  x: -438.26296432292855
  y: 72.0
  z: -316.0392145133262
  yaw: 234.0081
  pitch: 13.0201645
