geolocation: Poland
lastAccountName: Worrdq
timestamps:
  login: 1572283870763
  logout: 1572283924896
  lastteleport: 1572283792552
ipAddress: 91.230.117.167
logoutlocation:
  world: world
  x: -518.0505569252391
  y: 53.0
  z: -245.36313168650815
  yaw: 84.30292
  pitch: 17.80439
lastlocation:
  world: world
  x: -552.2919943679908
  y: 36.0
  z: -254.8781508779802
  yaw: 75.42253
  pitch: 7.487257
