geolocation: Poland
lastAccountName: Worrdq
timestamps:
  login: 1571862571668
  logout: 1571867530206
  lastteleport: 1571866454565
ipAddress: 91.230.117.167
logoutlocation:
  world: world
  x: -518.2839331274573
  y: 53.0
  z: -249.2308421493216
  yaw: 77.52258
  pitch: 24.899704
lastlocation:
  world: world_nether
  x: -507.0093090700673
  y: 86.0
  z: 355.3090719890833
  yaw: 6.979309
  pitch: 16.183908
