lastAccountName: ukasy666
timestamps:
  login: 1573407964591
  logout: 1573408011533
  lastteleport: 1573407993542
ipAddress: 37.47.170.31
geolocation: Poland
logoutlocation:
  world: world
  x: -514.9311197322249
  y: 73.0
  z: -267.3832430572745
  yaw: 121.123245
  pitch: -0.124509215
lastlocation:
  world: world
  x: -447.5454695244462
  y: 5.0
  z: -98.56658243175153
  yaw: 37.662468
  pitch: 89.85
