lastAccountName: ukasy666
timestamps:
  login: 1571591577063
  logout: 1571630661460
ipAddress: 37.47.142.197
geolocation: Poland
logoutlocation:
  world: world
  x: -519.5109592341539
  y: 53.0
  z: -249.5788945010066
  yaw: 76.83545
  pitch: 22.650043
