spawns: 
  default: 
    world: world
    x: -556.5086175158912
    y: 68.0
    z: -233.52584236079832
    yaw: -90.11954
    pitch: 89.69533
