spawns: 
  default: 
    world: world
    x: -460.661005483865
    y: 78.0
    z: -262.4569628131831
    yaw: 91.572845
    pitch: 5.7255516
