spawns: 
  default: 
    world: world
    x: -556.5
    y: 67.0
    z: -232.5
    yaw: -90.13037
    pitch: 0.10296115
